0.0894737
0.402675
0.638993
0.332345
0.780413
0.917056
0.155506
0.135454
0.645915
0.796829
0.990742
0.726895
0.111132
0.00541281
0.932662
0.732522
0.889827
0.495044
0.801348
0.851045
0.977079
0.0541024
0.0381968
0.997652
0.480671
0.436272
0.748217
0.939465
0.451543
0.719816
0.367075
0.0893872
0.281857
0.47151
0.536462
0.852373
0.977568
0.130217
0.820029
0.883518
0.909769
0.289198
0.369732
0.400538
0.147877
0.711702
0.0464863
0.0985739
0.256753
0.589673
0.333692
0.884475
0.486425
0.548602
0.945413
0.953099
0.676889
0.422772
0.987492
0.797771
0.947099
0.826185
0.566109
0.959215
0.495302
0.190012
0.842818
0.413159
0.0321431
0.51808
0.852176
0.333459
